Coordinates
version=1
nRows=38
nColumns=63
inDegrees=yes

Units are S.I. units (second, meters, Newtons, ...)
If the header above contains a line with 'inDegrees', this indicates whether rotational values are in degrees (yes) or radians (no).

endheader
time	pelvis_tilt	pelvis_list	pelvis_rotation	pelvis_tx	pelvis_ty	pelvis_tz	hip_flexion_r	hip_adduction_r	hip_rotation_r	knee_angle_r	knee_angle_r_beta	ankle_angle_r	subtalar_angle_r	mtp_angle_r	hip_flexion_l	hip_adduction_l	hip_rotation_l	knee_angle_l	knee_angle_l_beta	ankle_angle_l	subtalar_angle_l	mtp_angle_l	L5_S1_Flex_Ext	L5_S1_Lat_Bending	L5_S1_axial_rotation	L4_L5_Flex_Ext	L4_L5_Lat_Bending	L4_L5_axial_rotation	L3_L4_Flex_Ext	L3_L4_Lat_Bending	L3_L4_axial_rotation	L2_L3_Flex_Ext	L2_L3_Lat_Bending	L2_L3_axial_rotation	L1_L2_Flex_Ext	L1_L2_Lat_Bending	L1_L2_axial_rotation	L1_T12_Flex_Ext	L1_T12_Lat_Bending	L1_T12_axial_rotation	Abs_r3	Abs_r2	Abs_r1	Abs_t1	Abs_t2	neck_flexion	neck_bending	neck_rotation	arm_flex_r	arm_add_r	arm_rot_r	elbow_flex_r	pro_sup_r	wrist_flex_r	wrist_dev_r	arm_flex_l	arm_add_l	arm_rot_l	elbow_flex_l	pro_sup_l	wrist_flex_l	wrist_dev_l
      0.20000000	   -593.81686910	     75.77354622	 -28063.93478921	    105.43254646	   1444.00497308	    -34.87039548	     18.07494739	      0.32617047	     39.99419416	      1.97120145	      0.03440396	  -1495.20282663	      1.47726262	     -0.00000000	      2.09659573	     -9.92225799	    -39.99967988	      0.04807205	      0.00083902	  -1864.74873292	    -11.24222862	      0.00000000	   1372.02101716	    420.70303688	   -217.40505570	   2547.98023096	    559.53503905	   -230.99287168	   2254.09332909	   1022.89736387	   -230.99287168	   1568.08282051	   1022.89736387	   -190.22942374	   1274.05871653	    857.89763281	   -176.64160775	    783.97280920	    651.66900413	   -163.05379177	   9800.20892345	   4759.07689380	  -1209.14169828	      0.00000000	      0.00000000	     28.64781140	     74.07049053	     44.99991178	     64.76057263	     89.99998638	     60.69083421	    112.46040505	     89.99559364	      0.00000000	      0.00000000	     89.99996636	    -33.69467984	     25.13550658	     26.25927176	     89.99559364	      0.00000000	      0.00000000
      0.21666667	   -595.22791939	     75.90456950	 -28061.04930867	    105.57960929	   1446.26689662	    -34.62770412	     18.14639189	      0.12048208	     39.99175764	      1.98600386	      0.03466231	  -1495.05726872	      1.51346318	     -0.00000000	      2.35301555	    -10.23642810	    -39.99967109	      0.08692963	      0.00151721	  -1864.49267719	    -10.85646627	      0.00000000	   1372.03344594	    420.73034512	   -217.35790231	   2548.00331246	    559.57135901	   -230.94277120	   2254.11374834	   1022.96376113	   -230.94277120	   1568.09702537	   1022.96376113	   -190.18816452	   1274.07025790	    857.95331978	   -176.60329562	    783.97991101	    651.71130460	   -163.01842673	   9800.29770102	   4759.38581010	  -1208.87944526	      0.00000000	      0.00000000	     28.64781060	     74.24619364	     44.99991107	     66.03984178	     89.99998633	     60.28882103	    111.21842867	     89.99559364	      0.00000000	      0.00000000	     89.99996629	    -33.50395948	     24.89519467	     26.39819717	     89.99559364	      0.00000000	      0.00000000
      0.23333333	   -596.90304704	     76.03060895	 -28058.27850383	    105.69667247	   1449.23576556	    -34.35997852	     18.17773050	     -0.05793014	     39.98865994	      1.88275654	      0.03286030	  -1495.07429410	      1.49720761	     -0.00000000	      2.50815507	    -10.59340276	    -39.99966692	      0.14819096	      0.00258642	  -1864.31143314	    -10.57097106	     -0.00000000	   1372.04664225	    420.72694856	   -217.32569600	   2548.02781933	    559.56684159	   -230.90855200	   2254.13542856	   1022.95550273	   -230.90855200	   1568.11210743	   1022.95550273	   -190.15998400	   1274.08251200	    857.94639351	   -176.57712800	    783.98745138	    651.70604332	   -162.99427200	   9800.39196095	   4759.34738753	  -1208.70032347	      0.00000000	      0.00000000	     28.64781095	     74.26263703	     44.99991152	     66.61422764	     89.99998617	     59.76555761	    110.33976758	     89.99559364	      0.00000000	     -0.00000000	     89.99996641	    -33.12554337	     23.31452699	     26.42639161	     89.99559364	      0.00000000	     -0.00000000
      0.25000000	   -598.24169991	     74.54579467	 -28056.59775095	    102.01911835	   1449.02387907	    -34.69150062	     18.22891341	      0.05917955	     39.96748571	      1.63214725	      0.02848634	  -1495.03409120	      1.55632256	      0.00000000	      2.70112325	    -11.23256244	    -39.99966512	      0.03825160	      0.00066762	  -1864.14639061	    -10.48040086	      0.00000000	   1372.09016247	    420.74357907	   -217.19284344	   2548.10864073	    559.58896017	   -230.76739616	   2254.20692792	   1022.99593816	   -230.76739616	   1568.16184669	   1022.99593816	   -190.04373801	   1274.12292487	    857.98030645	   -176.46918530	    784.01231884	    651.73180399	   -162.89463258	   9800.70282152	   4759.53551520	  -1207.96143738	      0.00000000	      0.00000000	     28.64781348	     71.80559670	     44.99991455	     68.89167815	     89.99998534	     59.28977718	    105.29586569	     89.99559364	      0.00000000	      0.00000000	     89.99996312	    -37.43451202	     24.88556800	     26.19808612	     89.99559364	      0.00000000	      0.00000000
      0.26666667	   -599.49293893	     74.59734169	 -28054.20009425	    101.51818695	   1450.75610024	    -34.89987830	     18.20554363	     -0.42144466	     38.81314316	      1.57990112	      0.02757448	  -1495.10469327	      1.55108179	      0.00000000	      2.82119295	    -11.41421056	    -39.99965443	      0.09165409	      0.00159967	  -1864.05513030	    -10.14373294	      0.00000000	   1372.05371930	    420.79118358	   -217.20259251	   2548.04096212	    559.65227416	   -230.77775455	   2254.14705544	   1023.11168376	   -230.77775455	   1568.12019579	   1023.11168376	   -190.05226845	   1274.08908375	    858.07738156	   -176.47710642	    783.99149521	    651.80554337	   -162.90194438	   9800.44251161	   4760.07402691	  -1208.01565878	      0.00000000	      0.00000000	     28.64781234	     72.09686584	     44.99991343	     69.12890667	     89.99998536	     60.47081996	    102.73595036	     89.99559364	      0.00000000	      0.00000000	     89.99996325	    -37.25964826	     22.76066417	     26.40734413	     89.99559364	      0.00000000	      0.00000000
      0.28333333	   -600.40907318	     74.50874229	 -28051.73939375	    100.92221632	   1452.19458720	    -35.07720290	     18.18196495	     -0.89120790	     37.00080593	      1.55967946	      0.02722154	  -1495.01118412	      1.64624309	      0.00000000	      3.06750765	    -11.66569875	    -39.99964521	      0.22726942	      0.00396660	  -1863.88453868	     -9.75644022	      0.00000000	   1372.01782982	    420.85512365	   -217.20062506	   2547.97431176	    559.73731445	   -230.77566412	   2254.08809261	   1023.26714763	   -230.77566412	   1568.07917770	   1023.26714763	   -190.05054693	   1274.05575677	    858.20776814	   -176.47550786	    783.97098796	    651.90458653	   -162.90046879	   9800.18615663	   4760.79732972	  -1208.00471638	      0.00000000	      0.00000000	     28.64781061	     72.33413063	     44.99991168	     69.27954762	     89.99998538	     61.85427535	     99.77444321	     89.99559364	      0.00000000	     -0.00000000	     89.99996385	    -37.08037062	     23.67615639	     28.92083176	     89.99559364	      0.00000000	     -0.00000000
      0.30000000	   -601.99210658	     74.52316080	 -28049.67399946	    100.28041968	   1453.50993077	    -35.05221837	     18.22478978	     -1.13880602	     37.12513961	      1.56030355	      0.02723243	  -1494.88946849	      1.62095890	      0.00000000	      3.28119659	    -11.75187116	    -39.99964265	      0.32428536	      0.00565985	  -1863.91368923	     -9.61182159	      0.00000000	   1372.01680250	    420.86711897	   -217.18233795	   2547.97240391	    559.75326822	   -230.75623407	   2254.08640482	   1023.29631305	   -230.75623407	   1568.07800357	   1023.29631305	   -190.03454571	   1274.05480280	    858.23222900	   -176.46064959	    783.97040095	    651.92316728	   -162.88675346	   9800.17881855	   4760.93302317	  -1207.90300899	      0.00000000	      0.00000000	     28.64781012	     72.29465545	     44.99991119	     69.72226707	     89.99998533	     63.08375476	     97.82859535	     89.99559364	      0.00000000	     -0.00000000	     89.99996468	    -36.65426620	     24.02032717	     31.13382536	     89.99559364	      0.00000000	     -0.00000000
      0.31666667	   -603.31444874	     74.65611206	 -28048.38187789	     99.50338885	   1454.24891335	    -34.86549950	     18.20918589	     -1.48216501	     37.28513228	      1.59600524	      0.02785555	  -1494.83102751	      1.60054003	     -0.00000000	      3.45335165	    -11.74562953	    -39.99964235	      0.45095459	      0.00787064	  -1864.06565363	     -9.59685952	      0.00000000	   1372.00621839	    420.89869370	   -217.16794090	   2547.95274818	    559.79526262	   -230.74093721	   2254.06901620	   1023.37308386	   -230.74093721	   1568.06590700	   1023.37308386	   -190.02194829	   1274.04497440	    858.29661619	   -176.44895198	    783.96435319	    651.97207654	   -162.87595567	   9800.10321737	   4761.29020286	  -1207.82293690	      0.00000000	      0.00000000	     28.64780954	     72.36060110	     44.99991059	     70.48757836	     89.99998521	     63.74645743	     96.93625524	     89.99559364	      0.00000000	      0.00000000	     89.99996489	    -36.93786638	     23.57190307	     31.80768681	     89.99559364	      0.00000000	      0.00000000
      0.33333333	   -604.37611184	     74.78017953	 -28048.41629375	     98.63328685	   1454.55196265	    -35.02796152	     18.22939095	     -1.50365984	     38.13807194	      1.59056318	      0.02776056	  -1494.85575194	      1.56348213	     -0.00000000	      3.38441617	    -11.70925563	    -39.99964552	      0.53585514	      0.00935244	  -1864.34641220	     -9.69781534	     -0.00000000	   1371.99740848	    420.87557287	   -217.20961490	   2547.93638728	    559.76451192	   -230.78521583	   2254.05454238	   1023.31686787	   -230.78521583	   1568.05583815	   1023.31686787	   -190.05841304	   1274.03679351	    858.24946819	   -176.48281211	    783.95931920	    651.93626237	   -162.90721118	   9800.04028900	   4761.02865541	  -1208.05471520	      0.00000000	      0.00000000	     28.64780913	     72.14448209	     44.99991021	     70.89105629	     89.99998518	     64.09325782	     96.95090485	     89.99559364	      0.00000000	     -0.00000000	     89.99996516	    -36.88975563	     23.09695926	     31.54886162	     89.99559364	      0.00000000	     -0.00000000
      0.35000000	   -605.46621069	     75.03303400	 -28048.70077394	     97.65524412	   1454.73331665	    -34.86288213	     18.16841370	     -1.43977421	     39.46151975	      1.55731346	      0.02718025	  -1494.90339461	      1.53578057	      0.00000000	      3.42233418	    -11.56235336	    -39.99965579	      0.62096600	      0.01083790	  -1864.49319827	     -9.83047298	      0.00000000	   1371.98953130	    420.88153161	   -217.21572095	   2547.92175857	    559.77243704	   -230.79170351	   2254.04160097	   1023.33135596	   -230.79170351	   1568.04683532	   1023.33135596	   -190.06375583	   1274.02947876	    858.26161926	   -176.48777327	    783.95481818	    651.94549246	   -162.91179072	   9799.98402310	   4761.09606189	  -1208.08867523	      0.00000000	      0.00000000	     28.64780876	     71.94079502	     44.99990979	     71.07586653	     89.99998512	     64.12798441	     97.78907705	     89.99559364	      0.00000000	      0.00000000	     89.99996498	    -37.35109419	     22.92063948	     31.00427619	     89.99559364	      0.00000000	      0.00000000
      0.36666667	   -606.58487099	     75.41748747	 -28049.25984762	     96.12802031	   1454.15685328	    -34.63077552	     18.00741374	     -1.70016388	     39.98303576	      1.53557394	      0.02680082	  -1494.98732292	      1.68060246	      0.00000000	      3.64553763	    -11.65714987	    -39.99967051	      0.51008755	      0.00890271	  -1864.78628604	    -10.21984021	     -0.00000000	   1371.96340281	    420.93185867	   -217.19917272	   2547.87323536	    559.83937203	   -230.77412101	   2253.99867448	   1023.45372117	   -230.77412101	   1568.01697307	   1023.45372117	   -190.04927613	   1274.00521585	    858.36424620	   -176.47432783	    783.93988837	    652.02344908	   -162.89937954	   9799.79738995	   4761.66537162	  -1207.99663891	      0.00000000	      0.00000000	     28.64780880	     71.77062003	     44.99990981	     71.43044795	     89.99998501	     64.20544878	     98.53433872	     89.99559364	      0.00000000	     -0.00000000	     89.99996465	    -38.47053763	     22.67401088	     30.70892904	     89.99559364	      0.00000000	     -0.00000000
      0.38333333	   -607.90875020	     75.94397728	 -28049.37772732	     94.45169681	   1453.40685547	    -34.07827692	     17.88110058	     -2.02968457	     39.99191407	      1.49784691	      0.02614236	  -1495.27736577	      1.78062533	      0.00000000	      3.73312556	    -11.98264656	    -39.99967136	      0.26881257	      0.00469166	  -1864.87695533	    -10.44060866	     -0.00000000	   1371.93952130	    420.98308687	   -217.17330781	   2547.82888501	    559.90750554	   -230.74663954	   2253.95943955	   1023.57827742	   -230.74663954	   1567.98967890	   1023.57827742	   -190.02664433	   1273.98303948	    858.46871075	   -176.45331259	    783.92624247	    652.10280156	   -162.87998085	   9799.62680670	   4762.24487529	  -1207.85278603	      0.00000000	      0.00000000	     28.64780906	     71.77037919	     44.99991001	     72.37105331	     89.99998476	     64.01412089	     99.31476281	     89.99559364	      0.00000000	      0.00000000	     89.99996385	    -39.49686878	     22.61613330	     29.93791525	     89.99559364	      0.00000000	      0.00000000
      0.40000000	   -609.52592467	     76.46624237	 -28049.11019859	     93.00112899	   1452.93769693	    -33.59544457	     17.85042156	     -2.26085335	     39.99411296	      1.46925445	      0.02564333	  -1495.68820432	      1.77905150	      0.00000000	      3.84455398	    -12.21369559	    -39.99968351	      0.10189667	      0.00177843	  -1864.81971545	    -10.82335283	      0.00000000	   1371.95529746	    420.97000726	   -217.13729689	   2547.85818292	    559.89010965	   -230.70837795	   2253.98535820	   1023.54647565	   -230.70837795	   1568.00770947	   1023.54647565	   -189.99513478	   1273.99768923	    858.44203880	   -176.42405372	    783.93525697	    652.08254124	   -162.85297267	   9799.73949426	   4762.09691610	  -1207.65250411	      0.00000000	      0.00000000	     28.64781080	     71.46345223	     44.99991182	     72.19925861	     89.99998463	     64.18746186	    100.55730807	     89.99559364	      0.00000000	      0.00000000	     89.99996298	    -40.35795980	     22.80591998	     28.97488593	     89.99559364	      0.00000000	      0.00000000
      0.41666667	   -610.48049140	     76.71577490	 -28049.06028306	     91.61368509	   1452.13372319	    -32.90467642	     17.90409539	     -2.37985151	     39.99437532	      1.49609401	      0.02611177	  -1496.12198044	      1.65619272	      0.00000000	      3.84503766	    -12.44117435	    -39.99968096	      0.01827648	      0.00031898	  -1864.91998823	    -10.85724114	     -0.00000000	   1371.98108639	    420.94640576	   -217.10721911	   2547.90607553	    559.85871965	   -230.67642031	   2254.02772682	   1023.48909095	   -230.67642031	   1568.03718363	   1023.48909095	   -189.96881672	   1274.02163682	    858.39391062	   -176.39961553	    783.94999276	    652.04598251	   -162.83041434	   9799.92370195	   4761.82993118	  -1207.48522055	      0.00000000	      0.00000000	     28.64781254	     71.31852505	     44.99991353	     72.43583501	     89.99998443	     63.68209903	    101.78292740	     89.99559364	      0.00000000	      0.00000000	     89.99996214	    -41.09581950	     24.04639923	     28.30811214	     89.99559364	      0.00000000	      0.00000000
      0.43333333	   -610.66348223	     76.70023418	 -28048.88275991	     90.07654914	   1450.22634560	    -32.64306727	     17.98568963	     -2.68700640	     39.99290535	      1.45018378	      0.02531048	  -1496.45665265	      1.49848413	      0.00000000	      3.81483677	    -12.99651462	    -39.99965321	      0.00899510	      0.00015699	  -1864.93774757	    -10.28657506	     -0.00000000	   1372.00612987	    420.96029358	   -217.05785988	   2547.95258377	    559.87719046	   -230.62397612	   2254.06887076	   1023.52285781	   -230.62397612	   1568.06580582	   1023.52285781	   -189.92562739	   1274.04489219	    858.42223067	   -176.35951115	    783.96430261	    652.06749475	   -162.79339491	   9800.10258502	   4761.98703303	  -1207.21069927	      0.00000000	      0.00000000	     28.64781302	     71.53848060	     44.99991395	     72.23385148	     89.99998444	     64.59342882	    101.90305108	     89.99559364	      0.00000000	      0.00000000	     89.99996150	    -41.63808721	     24.95734481	     27.98922330	     89.99559364	      0.00000000	      0.00000000
      0.45000000	   -609.88997649	     76.69763391	 -28048.70590349	     88.50522570	   1447.32048455	    -33.07035791	     17.92379362	     -3.51694632	     39.97239590	      1.36007048	      0.02373771	  -1496.59397615	      1.27908147	     -0.00000000	      3.62947380	    -14.25648707	    -39.99965113	      0.01203079	      0.00020998	  -1864.93485485	    -10.29650710	     -0.00000000	   1372.00051460	    420.97514547	   -217.07464657	   2547.94215565	    559.89694348	   -230.64181199	   2254.05964543	   1023.55896871	   -230.64181199	   1568.05938813	   1023.55896871	   -189.94031575	   1274.03967785	    858.45251665	   -176.37315034	    783.96109404	    652.09050034	   -162.80598493	   9800.06247570	   4762.15504063	  -1207.30406186	      0.00000000	      0.00000000	     28.64781240	     71.72464352	     44.99991310	     71.67107251	     89.99998453	     65.04186750	    101.86750065	     89.99559364	      0.00000000	     -0.00000000	     89.99996137	    -41.85893940	     25.91599669	     28.23608704	     89.99559364	      0.00000000	     -0.00000000
      0.46666667	   -609.33966211	     76.61022713	 -28048.01150592	     87.29652990	   1444.68524174	    -33.50479346	     17.97704894	     -4.29246976	     38.08834552	      1.32566960	      0.02313730	  -1496.80530967	      1.19867883	      0.00000000	      3.45474545	    -15.27994692	    -39.99964532	      0.08315930	      0.00145140	  -1864.65457450	     -9.96722134	      0.00000000	   1372.01365724	    420.94913676	   -217.09172064	   2547.96656287	    559.86235190	   -230.65995318	   2254.08123749	   1023.49573113	   -230.65995318	   1568.07440887	   1023.49573113	   -189.95525556	   1274.05188212	    858.39947969	   -176.38702302	    783.96860375	    652.05021285	   -162.81879048	   9800.15635233	   4761.86082490	  -1207.39902270	      0.00000000	      0.00000000	     28.64781266	     71.88243733	     44.99991331	     71.49528860	     89.99998454	     64.78637712	    102.03078926	     89.99559364	      0.00000000	      0.00000000	     89.99996138	    -41.61740202	     26.79134998	     28.26319962	     89.99559364	      0.00000000	      0.00000000
      0.48333333	   -607.82325807	     76.29998291	 -28047.57861315	     86.20926234	   1441.60674442	    -33.87045078	     17.89075801	     -5.13488226	     35.84773899	      1.31572722	      0.02296377	  -1496.75364716	      1.28542663	     -0.00000000	      3.41103810	    -16.33873637	    -39.99966580	      0.19558331	      0.00341357	  -1864.07828988	    -10.14836446	     -0.00000000	   1372.00752963	    420.94974695	   -217.10296954	   2547.95518327	    559.86316344	   -230.67190513	   2254.07117043	   1023.49721473	   -230.67190513	   1568.06740561	   1023.49721473	   -189.96509834	   1274.04619201	    858.40072398	   -176.39616275	    783.96510243	    652.05115803	   -162.82722715	   9800.11258338	   4761.86772745	  -1207.46158567	      0.00000000	      0.00000000	     28.64781257	     72.26720083	     44.99991306	     67.07822529	     89.99998526	     68.83268482	    101.85625817	     89.99559364	      0.00000000	      0.00000000	     89.99996179	    -40.69820349	     27.87371501	     28.59906842	     89.99559364	      0.00000000	      0.00000000
      0.50000000	   -606.81395802	     76.01671973	 -28047.09376182	     85.40789026	   1438.62023394	    -34.29912093	     17.91694112	     -5.95202168	     33.69434722	      1.32852317	      0.02318710	  -1496.68435747	      1.37362115	      0.00000000	      3.27088368	    -17.17445227	    -39.99966477	      0.35054817	      0.00611822	  -1863.84651383	     -9.85297199	      0.00000000	   1371.99941878	    420.92972884	   -217.11757345	   2547.94012062	    559.83653936	   -230.68742180	   2254.05784512	   1023.44854271	   -230.68742180	   1568.05813573	   1023.44854271	   -189.97787677	   1274.03866028	    858.35990306	   -176.40802843	    783.96046789	    652.02014998	   -162.83818009	   9800.05464841	   4761.64127862	  -1207.54280828	      0.00000000	      0.00000000	     28.64781353	     72.35707571	     44.99991401	     61.27926299	     89.99998592	     73.48206963	    102.60765768	     89.99559364	      0.00000000	      0.00000000	     89.99996226	    -39.75583405	     28.40275047	     28.59569931	     89.99559364	      0.00000000	      0.00000000
      0.51666667	   -605.96044692	     75.67851351	 -28046.60952221	     84.64495373	   1435.28419521	    -34.73769339	     18.04637857	     -6.70372058	     32.64282804	      1.34627994	      0.02349702	  -1496.54255959	      1.43794275	      0.00000000	      3.03150184	    -17.94698705	    -39.99964255	      0.42489622	      0.00741584	  -1863.67517185	     -9.26320998	      0.00000000	   1372.03898402	    420.87336592	   -217.07016923	   2548.01359722	    559.76157668	   -230.63705481	   2254.12284685	   1023.31150191	   -230.63705481	   1568.10335484	   1023.31150191	   -189.93639808	   1274.07540056	    858.24496779	   -176.36951250	    783.98307547	    651.93284382	   -162.80262692	   9800.33725896	   4761.00369002	  -1207.27916021	      0.00000000	      0.00000000	     28.64781529	     72.30013945	     44.99991583	     62.25564526	     89.99998585	     70.76444443	    104.12866272	     89.99559364	      0.00000000	      0.00000000	     89.99996254	    -38.33405858	     28.97131265	     28.31461872	     89.99559364	      0.00000000	      0.00000000
      0.53333333	   -592.85391731	     70.94900502	 -28021.28078604	     83.94458925	   1431.93652718	    -35.28756903	     12.39852290	    -11.70963964	     -5.26403657	      1.34138954	      0.02341166	  -1496.42297208	      1.37591490	      0.00000000	     16.54995795	    -18.13486906	    -39.99903631	      1.40336509	      0.02449334	  -1859.95708968	     -2.55787212	      0.00000000	   1356.61901225	    470.34393162	   -222.33479033	   2519.37716764	    625.55742905	   -236.23071472	   2228.78937522	   1143.59423534	   -236.23071472	   1550.47986909	   1143.59423534	   -194.54294153	   1259.75641477	    959.12534536	   -180.64701714	    775.17210360	    728.56275008	   -166.75109274	   9690.19394257	   5320.62462325	  -1236.55940335	      0.00000000	      0.00000000	     28.64780462	     80.11830687	     44.99990359	      9.83482463	   -119.99994585	    -22.10997743	     12.87008187	     89.99559364	      0.00000000	      0.00000000	     11.54436067	   -119.99993391	     40.20721809	     15.94008192	     89.99559364	      0.00000000	      0.00000000
      0.55000000	   -591.95330383	     70.68608322	 -28021.87332103	     83.22098146	   1428.98425221	    -35.90566518	     12.20272974	    -11.93071174	     -4.55865037	      1.34019068	      0.02339074	  -1496.16609115	      1.29393417	      0.00000000	     16.36306380	    -18.16087073	    -39.99905019	      1.41434447	      0.02468497	  -1860.02491030	     -2.57158836	      0.00000000	   1356.58412546	    470.29083226	   -222.38473785	   2519.31237939	    625.48680691	   -236.28378397	   2228.73205972	   1143.46512956	   -236.28378397	   1550.43999699	   1143.46512956	   -194.58664562	   1259.72401890	    959.01706515	   -180.68759951	    775.15216929	    728.48049917	   -166.78855339	   9689.94474975	   5320.02395270	  -1236.83719651	      0.00000000	      0.00000000	     28.64780878	     80.41585832	     44.99990788	      8.00444236	   -119.99994768	    -22.06464002	     14.69847670	     89.99559364	      0.00000000	      0.00000000	     10.33684191	   -119.99993134	     42.93354118	     16.14827006	     89.99559364	      0.00000000	      0.00000000
      0.56666667	   -590.99103181	     70.37688519	 -28022.92472543	     82.18130034	   1425.42272920	    -36.45859904	     12.01428884	    -12.12771776	     -3.53178985	      1.33635258	      0.02332375	  -1495.90500027	      1.21187201	      0.00000000	     16.12640046	    -17.97069457	    -39.99906276	      1.43435333	      0.02503419	  -1860.05357986	     -2.61540191	      0.00000000	   1356.53410848	    470.21706644	   -222.48841806	   2519.21949287	    625.38869837	   -236.39394418	   2228.64988683	   1143.28577535	   -236.39394418	   1550.38283259	   1143.28577535	   -194.67736580	   1259.67757314	    958.86664189	   -180.77183967	    775.12358959	    728.36623592	   -166.86631354	   9689.58748349	   5319.18949900	  -1237.41383470	      0.00000000	      0.00000000	     28.64781257	     80.50406930	     44.99991175	      6.45017253	   -119.99994850	    -23.41050407	     15.99482205	     89.99559364	      0.00000000	      0.00000000	      9.08204361	   -119.99992965	     43.12791353	     16.24694049	     89.99559364	      0.00000000	      0.00000000
      0.58333333	   -590.04913095	     69.92713265	 -28024.12554354	     81.06726016	   1421.79766666	    -36.82734469	     11.95712737	    -12.20046526	     -2.58133114	      1.29462587	      0.02259548	  -1495.64330730	      1.18172508	      0.00000000	     15.88713880	    -17.80448604	    -39.99910873	      1.44405179	      0.02520346	  -1859.87928994	     -2.68212177	      0.00000000	   1356.43617099	    470.06786222	   -222.73554528	   2519.03761315	    625.19025675	   -236.65651686	   2228.48898533	   1142.92300019	   -236.65651686	   1550.27089983	   1142.92300019	   -194.89360212	   1259.58662838	    958.56238463	   -180.97263054	    775.06762811	    728.13511857	   -167.05165896	   9688.88792579	   5317.50167096	  -1238.78828221	      0.00000000	      0.00000000	     28.64781668	     80.66412123	     44.99991597	      4.60609989	   -119.99994851	    -24.18663861	     17.51818900	     89.99559364	      0.00000000	      0.00000000	      6.57762013	   -119.99992529	     38.67696376	     17.60481725	     89.99559364	      0.00000000	      0.00000000
      0.60000000	   -381.96756283	     89.99999100	 -27898.75121155	     80.20029344	   1418.44563010	    -36.66343145	      7.28059909	    -23.23117977	     28.04772526	      1.37238987	      0.02395272	  -1495.45455447	      1.02773798	      0.00000000	     -3.95436189	     -4.55707230	    -39.99960096	      0.65999930	      0.01151916	  -1861.80232734	     -7.39656290	      0.00000000	   1346.09384841	    476.78215926	   -222.07341999	   2499.83088588	    634.12027182	   -235.95300874	   2211.49758355	   1159.24814203	   -235.95300874	   1538.45065934	   1159.24814203	   -194.31424249	   1249.98274763	    972.25417917	   -180.43465375	    769.15802498	    738.53556470	   -166.55506500	   9615.01374978	   5393.45514201	  -1235.10573998	      0.00000000	      0.00000000	     28.64775310	     84.43076281	     44.99985079	      0.30465765	   -119.99994036	    -13.48561897	     17.08422982	     89.99559364	      0.00000000	      0.00000000	     -3.22340415	   -119.99993467	     12.91389028	     18.48741942	     89.99559364	      0.00000000	      0.00000000
      0.61666667	   -227.68016748	     69.33863375	 -28025.99299415	     79.46839427	   1414.76456640	    -36.35713708	     11.80950051	    -12.31705983	     -1.12661638	      1.49053296	      0.02601471	  -1495.21500351	      0.92229674	      0.00000000	     15.54851696	    -17.48983566	    -39.99908045	      1.39513027	      0.02434962	  -1859.27020611	     -2.40790584	      0.00000000	   1356.35448931	    469.91047587	   -223.02900685	   2518.88592210	    624.98093290	   -236.96831978	   2228.35479049	   1142.54033102	   -236.96831978	   1550.17754584	   1142.54033102	   -195.15038099	   1259.51077878	    958.24144239	   -181.21106806	    775.02095519	    727.89132712	   -167.27175514	   9688.30448172	   5315.72128509	  -1240.42042738	      0.00000000	      0.00000000	     28.64782304	     81.08329839	     44.99992254	      1.08623786	   -119.99995078	    -28.08309962	     18.77831896	     89.99559364	      0.00000000	      0.00000000	      2.40323711	   -119.99992381	     23.75608823	     19.48692293	     89.99559364	      0.00000000	      0.00000000
      0.63333333	   -226.39307240	     68.71022443	 -28027.21970292	     78.73446836	   1410.99155470	    -36.06725251	     11.95664377	    -12.21053896	     -0.08598375	      1.53771919	      0.02683826	  -1495.05176196	      0.84942328	     -0.00000000	     15.47948350	    -17.43282524	    -39.99911749	      1.39978787	      0.02443091	  -1858.65464545	     -2.33057330	      0.00000000	   1356.29318958	    469.79419965	   -223.24999521	   2518.77208236	    624.82628554	   -237.20311991	   2228.25408116	   1142.25761704	   -237.20311991	   1550.10748637	   1142.25761704	   -195.34374581	   1259.45385584	    958.00433193	   -181.39062111	    774.98592852	    727.71121526	   -167.43749641	   9687.86662383	   5314.40594531	  -1241.64949836	      0.00000000	      0.00000000	     28.64782486	     81.19931121	     44.99992445	     -0.50050823	   -119.99995220	    -30.23209609	     19.40789057	     89.99559364	      0.00000000	     -0.00000000	     -0.00676812	   -119.99992491	     15.82832946	     20.21783135	     89.99559364	      0.00000000	     -0.00000000
      0.65000000	   -224.74908467	     68.20056200	 -28028.41213106	     77.92727084	   1407.04623096	    -35.50851949	     11.93160238	    -12.21100234	      0.77407173	      1.74282989	      0.03041812	  -1494.89410017	      0.77733793	     -0.00000000	     15.26240868	    -17.13715033	    -39.99910321	      1.33734165	      0.02334101	  -1858.18791444	     -2.13143830	      0.00000000	   1356.28946549	    469.69859827	   -223.48772186	   2518.76516636	    624.69913570	   -237.45570448	   2228.24796285	   1142.02517183	   -237.45570448	   1550.10323011	   1142.02517183	   -195.55175663	   1259.45039765	    957.80938159	   -181.58377401	    774.98380058	    727.56312872	   -167.61579140	   9687.84002305	   5313.32448334	  -1242.97166268	      0.00000000	      0.00000000	     28.64782657	     81.27757253	     44.99992620	     -1.71495751	   -119.99995332	    -31.99778856	     20.49439853	     89.99559364	      0.00000000	      0.00000000	     -2.00205738	   -119.99992684	      8.32757941	     21.19901165	     89.99559364	      0.00000000	      0.00000000
      0.66666667	   -223.90706027	     68.23269128	 -28032.31689198	     80.81175626	   1406.62609085	    -34.53957609	     13.58515655	    -11.27186740	      5.96214491	      2.21584085	      0.03867372	  -1495.17746538	      0.38836916	      0.00000000	     14.71875196	    -17.96582747	    -39.99925770	      1.34628841	      0.02349717	  -1858.17427964	     -2.66786783	      0.00000000	   1356.09362104	    468.94909855	   -225.24307012	   2518.40146364	    623.70230107	   -239.32076200	   2227.92621001	   1140.20283822	   -239.32076200	   1549.87939949	   1140.20283822	   -197.08768635	   1259.26853650	    956.28100176	   -183.00999447	    774.87189506	    726.40215365	   -168.93230259	   9686.44112574	   5304.84599262	  -1252.73438308	      0.00000000	      0.00000000	     28.64781441	     80.10880640	     44.99991346	     10.86247755	   -119.99995427	    -15.50541091	     39.70170984	     89.99559364	      0.00000000	     -0.00000000	      2.87448459	   -119.99993000	     19.21106450	     19.60631808	     89.99559364	      0.00000000	     -0.00000000
      0.68333333	   -226.65432209	     67.67070111	 -28034.16474322	     83.56601282	   1406.24073046	    -34.32524855	     13.31646570	    -11.83947541	      6.00640330	      0.00019955	      0.00000348	  -1494.24780310	      2.66307599	     -0.00000000	     15.05127132	    -18.59902491	    -39.99941470	      1.30829384	      0.02283404	  -1858.15041576	     -3.67945268	     -0.00000000	   1356.09795757	    469.13761071	   -224.74560853	   2518.40951701	    623.95302225	   -238.79220906	   2227.93333450	   1140.66118669	   -238.79220906	   1549.88435571	   1140.66118669	   -196.65240746	   1259.27256340	    956.66541577	   -182.60580693	    774.87437296	    726.69415899	   -168.55920640	   9686.47210116	   5306.97847991	  -1249.96765097	      0.00000000	      0.00000000	     28.64781961	     80.19856764	     44.99991885	      7.88058689	   -119.99995427	    -20.01236624	     42.03960334	     89.99559364	      0.00000000	     -0.00000000	      0.07754815	   -119.99993292	      7.02914776	     21.16079089	     89.99559364	      0.00000000	     -0.00000000
      0.70000000	   -225.18350535	     67.24477474	 -28035.03442352	     82.90265308	   1403.34050090	    -34.10168854	     13.40245328	    -11.41201381	      7.94395147	      0.00022692	      0.00000396	  -1494.39366686	      2.35230302	      0.00000000	     14.92824189	    -18.45195616	    -39.99940857	      1.18947873	      0.02076032	  -1857.89770195	     -3.59123821	      0.00000000	   1356.11907341	    469.00921927	   -225.09967350	   2518.44873123	    623.78226162	   -239.16840309	   2227.96802571	   1140.34901572	   -239.16840309	   1549.90848900	   1140.34901572	   -196.96221431	   1259.29217157	    956.40359993	   -182.89348472	    774.88643855	    726.49528064	   -168.82475512	   9686.62292948	   5305.52609018	  -1251.93685408	      0.00000000	      0.00000000	     28.64782055	     80.42128190	     44.99991985	      6.97063405	   -119.99995473	    -21.85079136	     43.67752595	     89.99559364	      0.00000000	      0.00000000	     -1.54369309	   -119.99993351	      1.73386733	     21.64814708	     89.99559364	      0.00000000	      0.00000000
      0.71666667	   -223.80939935	     66.91479861	 -28035.57960899	     82.00729648	   1400.45688554	    -33.90056944	     13.55118146	    -10.85740586	      8.71118567	      0.00030071	      0.00000525	  -1494.85556634	      1.99384569	     -0.00000000	     14.77615773	    -18.22837714	    -39.99940463	      1.15879697	      0.02022482	  -1857.73816943	     -3.56539553	     -0.00000000	   1356.11836616	    468.86861620	   -225.45873765	   2518.44741779	    623.59525955	   -239.54990876	   2227.96686376	   1140.00715344	   -239.54990876	   1549.90768068	   1140.00715344	   -197.27639545	   1259.29151481	    956.11688216	   -183.18522434	    774.88603442	    726.27748650	   -169.09405324	   9686.61787761	   5303.93556021	  -1253.93386121	      0.00000000	      0.00000000	     28.64782064	     80.36742168	     44.99991993	      6.47386119	   -119.99995510	    -23.39584802	     44.78373556	     89.99559364	      0.00000000	     -0.00000000	     -2.95876460	   -119.99993438	     -2.67571785	     22.08342791	     89.99559364	      0.00000000	     -0.00000000
      0.73333333	   -222.37173144	     66.59750124	 -28036.01286433	     80.96165945	   1397.57583992	    -33.64562054	     13.92464582	    -10.00698685	      8.19016128	      0.00034142	      0.00000596	  -1495.33928366	      1.86501755	      0.00000000	     14.55339758	    -17.92029981	    -39.99938940	      1.09469240	      0.01910599	  -1857.72373032	     -3.49915245	      0.00000000	   1356.12320324	    468.67051873	   -225.97091625	   2518.45640074	    623.33178991	   -240.09409851	   2227.97481061	   1139.52549924	   -240.09409851	   1549.91320899	   1139.52549924	   -197.72455172	   1259.29600653	    955.71292180	   -183.60136945	    774.88879833	    725.97063352	   -169.47818719	   9686.65242845	   5301.69464199	  -1256.78244489	      0.00000000	      0.00000000	     28.64782106	     80.39524584	     44.99992038	      6.05983660	   -119.99995553	    -25.22488000	     45.98125159	     89.99559364	      0.00000000	      0.00000000	     -4.54640197	   -119.99993489	     -6.14919658	     22.80480848	     89.99559364	      0.00000000	      0.00000000
      0.75000000	   -220.80936865	     66.23832464	 -28036.21679955	     79.46108011	   1394.46566735	    -33.45434899	     14.40443306	     -9.15432531	      5.44919258	      0.00033837	      0.00000591	  -1495.75599793	      1.84611988	     -0.00000000	     14.40714132	    -17.62161581	    -39.99936296	      1.04074578	      0.01816444	  -1857.75886867	     -3.35790343	      0.00000000	   1356.11780920	    468.52982928	   -226.31796331	   2518.44638347	    623.14467294	   -240.46283601	   2227.96594874	   1139.18342691	   -240.46283601	   1549.90704414	   1139.18342691	   -198.02821789	   1259.29099763	    955.42602787	   -183.88334519	    774.88571618	    725.75270555	   -169.73847248	   9686.61389936	   5300.10313477	  -1258.71261652	      0.00000000	      0.00000000	     28.64782184	     80.58039899	     44.99992119	      4.79569948	   -119.99995747	    -29.07775943	     48.30702581	     89.99559364	      0.00000000	     -0.00000000	     -6.30055961	   -119.99993660	    -10.10430000	     23.74268890	     89.99559364	      0.00000000	     -0.00000000
      0.76666667	   -218.88251457	     65.95042069	 -28036.05590140	     77.44223939	   1391.75650567	    -33.31488971	     15.11833127	     -8.08926180	      3.23834314	      0.00032304	      0.00000564	  -1496.23187231	      1.73384637	      0.00000000	     14.17755490	    -17.32860409	    -39.99931191	      0.98549352	      0.01720011	  -1857.68355776	     -3.00454053	      0.00000000	   1356.09224443	    468.34505872	   -226.76783602	   2518.39890713	    622.89892810	   -240.94082577	   2227.92394837	   1138.73417577	   -240.94082577	   1549.87782616	   1138.73417577	   -198.42185652	   1259.26725818	    955.04924374	   -184.24886677	    774.87110847	    725.46649595	   -170.07587702	   9686.43129273	   5298.01297324	  -1261.21467361	      0.00000000	      0.00000000	     28.64782164	     80.80157105	     44.99992099	      4.27856786	   -119.99995976	    -32.02990411	     50.06003799	     89.99559364	      0.00000000	      0.00000000	     -7.45021485	   -119.99993819	    -12.78559933	     24.22190407	     89.99559364	      0.00000000	      0.00000000
      0.78333333	   -217.12936659	     65.72660951	 -28035.66131819	     75.14862516	   1389.40151686	    -33.33029606	     16.02335220	     -7.24607131	     -0.26460760	      0.00028628	      0.00000500	  -1495.90133192	      1.98459860	     -0.00000000	     13.87279784	    -17.02188538	    -39.99923768	      0.97570416	      0.01702925	  -1857.56086044	     -2.57843103	     -0.00000000	   1356.05235053	    468.11875082	   -227.32928258	   2518.32482018	    622.59793860	   -241.53736274	   2227.85840669	   1138.18393075	   -241.53736274	   1549.83223142	   1138.18393075	   -198.91312226	   1259.23021271	    954.58775668	   -184.70504210	    774.84831309	    725.11594503	   -170.49696194	   9686.14633463	   5295.45293307	  -1264.33727094	      0.00000000	      0.00000000	     28.64782084	     80.82449386	     44.99992016	      4.20927699	   -119.99996110	    -34.01052864	     51.09709115	     89.99559364	      0.00000000	     -0.00000000	     -8.49275581	   -119.99993890	    -13.66637388	     24.38203146	     89.99559364	      0.00000000	     -0.00000000
      0.80000000	   -215.91123242	     65.52240795	 -28035.33933270	     73.03783468	   1387.68116546	    -33.51971342	     16.80056804	     -6.82908137	     -3.34016844	      0.00026053	      0.00000455	  -1494.89885431	      2.29580837	      0.00000000	     13.57929960	    -16.87250015	    -39.99918207	      1.01829781	      0.01777265	  -1857.37656457	     -2.23558849	      0.00000000	   1355.98749005	    467.91551066	   -227.78997225	   2518.20436776	    622.32762918	   -242.02684551	   2227.75184740	   1137.68977262	   -242.02684551	   1549.75810237	   1137.68977262	   -199.31622572	   1259.16998326	    954.17330934	   -185.07935245	    774.81125181	    724.80112602	   -170.84247919	   9685.68304264	   5293.15383972	  -1266.89948865	      0.00000000	      0.00000000	     28.64782050	     80.86400920	     44.99991981	      3.93469981	   -119.99996254	    -36.92301126	     52.20096946	     89.99559364	      0.00000000	     -0.00000000	     -9.67632514	   -119.99993989	    -14.09218962	     24.48021756	     89.99559364	      0.00000000	     -0.00000000
      0.81666667	   -214.91579873	     65.20924453	 -28035.08278488	     71.06229746	   1386.45045552	    -33.52886441	     17.78866793	     -6.34643230	     -4.61931870	      0.00021651	      0.00000378	  -1493.44466639	      2.80437841	     -0.00000000	     13.38452572	    -16.88184754	    -39.99912206	      0.99745610	      0.01740889	  -1857.21173482	     -1.94015313	     -0.00000000	   1355.94179210	    467.68871388	   -228.34136480	   2518.11950211	    622.02598946	   -242.61270010	   2227.67677024	   1137.13833892	   -242.61270010	   1549.70587419	   1137.13833892	   -199.79869420	   1259.12754814	    953.71082534	   -185.52735890	    774.78514001	    724.44981780	   -171.25602360	   9685.35662679	   5290.58826912	  -1269.96616858	      0.00000000	      0.00000000	     28.64782037	     80.86356475	     44.99991968	      3.72291009	   -119.99996351	    -39.58178860	     53.16200452	     89.99559364	      0.00000000	      0.00000000	    -11.06881517	   -119.99994049	    -13.78641824	     24.08150448	     89.99559364	      0.00000000	      0.00000000
